[array([0.482193, 0.137527]), array([0.913204, 0.225819]), array([0.964924, 0.219899, 0.292907]), array([0.102344, 0.885601, 0.55311 , 0.294107]), array([0.77198 , 0.128334, 0.660104, 0.300102]), array([0.4371  , 0.901122, 0.221114, 0.68992 , 0.148903]), array([0.310224, 0.59011 , 0.204433, 0.837555, 0.129   , 0.76642 ]), array([0.501203, 0.711324, 0.080129, 0.933344, 0.984194, 0.110033,
       0.670802, 0.310989])]
[array([0.346003, 0.334045]), array([0.700646, 0.017392]), array([0.788531, 0.993088, 0.829906]), array([0.99648 , 0.331835, 0.411607, 0.187434]), array([0.144387, 0.925987, 0.890304, 0.89243 ]), array([0.9762  , 0.032757, 0.732318, 0.772997, 0.067162]), array([0.052054, 0.320641, 0.187977, 0.950101, 0.883998, 0.961415]), array([0.07491 , 0.037233, 0.573593, 0.155474, 0.808704, 0.898952,
       0.292408, 0.164466])]
[array([0.135533, 0.52206 ]), array([0.971608, 0.522711]), array([0.263401, 0.016236, 0.000723]), array([0.580175, 0.623489, 0.434418, 0.246786]), array([0.084922, 0.200056, 0.968448, 0.997358]), array([0.804764, 0.387478, 0.288328, 0.682495, 0.139752]), array([0.061304, 0.595857, 0.119024, 0.244765, 0.328779, 0.731029]), array([0.062849, 0.206238, 0.604628, 0.072759, 0.906978, 0.961513,
       0.396768, 0.314974])]
[array([0.087728, 0.462689]), array([0.386316, 0.037443]), array([0.83493 , 0.918399, 0.548092]), array([0.299542, 0.858575, 0.419739, 0.108599]), array([0.03125 , 0.025073, 0.046187, 0.822364]), array([0.661661, 0.373658, 0.094467, 0.74679 , 0.262461]), array([0.      , 0.492965, 0.223574, 0.196833, 0.507969, 0.724472]), array([0.103403, 0.587645, 0.170593, 0.92512 , 0.581061, 0.34687 ,
       0.590915, 0.022804])]
[array([0.999929, 0.571694]), array([0.682883, 0.903116]), array([0.708131, 0.04926 , 0.856839]), array([0.490192, 0.890346, 0.434731, 0.247411]), array([0.181968, 1.      , 0.865211, 1.      ]), array([0.084412, 0.505802, 0.384128, 0.772409, 0.596388]), array([0.044152, 0.117619, 0.727376, 0.062992, 0.427736, 0.83589 ]), array([0.054529, 0.507547, 0.036003, 0.230513, 0.073296, 0.713659,
       0.011518, 0.938296])]
[array([0.018451, 0.098547]), array([0.001764, 0.998786]), array([0.016769, 0.984543, 0.781048]), array([0.021308, 0.39594 , 0.991055, 0.992928]), array([0.058666, 1.      , 1.      , 1.      ]), array([0.020947, 0.043347, 0.025923, 0.009895, 0.001156]), array([0.06399 , 0.470873, 0.262431, 0.23693 , 0.381408, 0.704926]), array([0.931549, 0.957583, 0.025493, 0.067053, 0.145824, 0.943526,
       0.499735, 0.969946])]
[array([0.893434, 0.10835 ]), array([0.002318, 0.015146]), array([0.417226, 0.817264, 0.9842  ]), array([0.634326, 0.9975  , 0.986465, 0.014342]), array([0.183542, 1.      , 1.      , 1.      ]), array([0.976408, 0.004727, 0.909953, 0.018452, 0.912989]), array([0.014603, 0.458294, 0.355885, 0.207075, 0.385573, 0.72554 ]), array([0.70711 , 0.      , 0.878629, 0.964709, 0.467119, 0.886073,
       0.26945 , 0.021755])]
[array([0.013429, 0.068876]), array([0.689029, 0.015446]), array([0.307738, 0.999724, 0.426549]), array([0.577809, 0.429962, 0.227256, 0.044335]), array([0.932161, 0.928077, 0.981872, 0.983081]), array([0.958448, 0.13972 , 0.008056, 0.01063 , 0.924511]), array([0.054788, 0.564772, 0.387973, 0.197997, 0.37946 , 0.695628]), array([0.261777, 0.0765  , 0.207284, 0.163116, 0.990234, 0.799735,
       0.057244, 0.056545])]
[array([0.496155, 0.474073]), array([0.690138, 0.003965]), array([0.066588, 0.003107, 0.543353]), array([0.013468, 0.52745 , 0.431644, 0.261894]), array([0.014706, 0.86364 , 0.981195, 0.95721 ]), array([0.406793, 0.019801, 0.557829, 0.887265, 0.047862]), array([0.025836, 0.319653, 0.902309, 0.226346, 0.36665 , 0.659771]), array([0.111165, 0.188348, 0.009688, 0.378297, 0.95055 , 0.945976,
       0.346707, 0.551149])]
[array([0.119141, 0.001425]), array([0.692333, 0.065377]), array([0.136211, 0.007408, 0.676155]), array([0.762607, 0.419694, 0.963036, 0.011577]), array([0.461233, 0.758496, 0.999816, 0.962689]), array([0.633799, 0.119372, 0.723734, 0.721215, 0.      ]), array([0.013954, 0.270977, 0.392776, 0.112074, 0.347234, 0.680246]), array([0.111165, 0.188348, 0.009688, 0.378297, 0.95055 , 0.945976,
       0.346707, 0.551149])]
[array([0.022333, 0.037144]), array([0.732853, 0.861831]), array([0.492376, 0.603856, 0.343501]), array([0.371718, 0.43383 , 0.37767 , 0.405873]), array([0.462644, 0.934976, 0.994115, 0.979987]), array([0.496214, 0.264243, 0.525487, 0.713664, 0.009069]), array([0.014813, 0.278028, 0.38323 , 0.115651, 0.341445, 0.674825]), array([0.010208, 0.104121, 0.188267, 0.302103, 0.909424, 0.575045,
       0.135273, 0.621871])]
[array([0.07743 , 0.021975]), array([0.689029, 0.015446]), array([0.485375, 0.675503, 0.351627]), array([0.392699, 0.399965, 0.369201, 0.432929]), array([0.959148, 0.997045, 1.      , 0.957849]), array([0.471387, 0.321423, 0.498673, 0.707887, 0.      ]), array([0.013871, 0.280469, 0.375454, 0.120199, 0.341607, 0.669737]), array([0.014694, 0.101526, 0.18333 , 0.297915, 0.911303, 0.571575,
       0.134401, 0.620589])]
[array([0.056077, 0.001946]), array([0.700222, 0.863217]), array([0.006666, 0.989536, 0.081106]), array([0.388353, 0.423618, 0.398932, 0.418668]), array([0.991716, 0.999999, 0.999999, 0.924438]), array([4.21313e-01, 4.00835e-01, 4.51653e-01, 6.83046e-01, 1.00000e-06]), array([0.011831, 0.280616, 0.367687, 0.118029, 0.344232, 0.663579]), array([0.01918 , 0.098931, 0.178393, 0.293727, 0.913182, 0.568105,
       0.133529, 0.619307])]